122,58,75,97
112,56,75,97
104,51,75,97
98,44,75,97
90,38,75,97
86,34,75,97
85,32,75,97
83,32,75,97
82,35,75,97
79,41,75,97
77,46,75,97
73,49,75,97
67,50,75,97
61,49,75,97
54,48,75,97
49,44,75,97
50,40,75,97
50,35,75,97
52,35,75,97
57,35,75,97
62,38,75,97
64,41,75,97
65,44,75,97
69,45,75,97
73,47,75,97
77,47,75,97
81,44,75,97
85,38,75,97
89,29,75,97
98,23,75,97
107,18,75,97
114,18,75,97
119,23,75,97
121,26,75,97
123,28,75,97
125,29,75,97
126,31,75,97
126,32,75,97
125,30,75,97
127,29,75,97
127,27,75,97
127,24,75,97
129,24,75,97
128,26,75,97
128,27,75,97
129,29,75,97
129,29,75,97
129,29,75,97
129,30,75,97
132,29,75,97
134,25,75,97
138,21,75,97
143,19,75,97
147,19,75,97
149,24,75,97
148,33,75,97
148,39,75,97
147,43,75,97
146,45,75,97
143,43,75,97
141,37,75,97
147,32,75,97
153,30,75,97
157,32,75,97
157,34,75,97
156,39,75,97
152,40,75,97
145,42,75,97
139,41,75,97
133,41,75,97
125,36,75,97
120,32,75,97
119,27,75,97
122,26,75,97
123,28,75,97
122,30,75,97
122,32,75,97
123,35,75,97
121,35,75,97
119,37,75,97
116,37,75,97
113,34,75,97
116,30,75,97
120,28,75,97
123,27,75,97
133,31,75,97
138,34,75,97
143,34,75,97
151,31,75,97
155,30,75,97
158,28,75,97
159,27,75,97
161,26,75,97
160,22,75,97
162,19,75,97
162,17,75,97
160,17,75,97
160,18,75,97
162,25,75,97
159,32,75,97
155,36,75,97
150,38,75,97
144,38,75,97
140,34,75,97
139,30,75,97
144,25,75,97
146,24,75,97
147,25,75,97
147,28,75,97
149,31,75,97
150,32,75,97
149,32,75,97
151,35,75,97
152,38,75,97
154,38,75,97
156,35,75,97
155,32,75,97
158,32,75,97
159,36,75,97
159,40,75,97
159,44,75,97
154,46,75,97
149,46,75,97
146,45,75,97
145,44,75,97
142,41,75,97
139,39,75,97
135,37,75,97
132,35,75,97
128,30,75,97
127,24,75,97
125,24,75,97
122,28,75,97
122,30,75,97
122,30,75,97
119,33,75,97
117,35,75,97
116,35,75,97
114,35,75,97
118,32,75,97
125,33,75,97
129,34,75,97
136,34,75,97
141,34,75,97
145,33,75,97
147,35,75,97
146,36,75,97
148,36,75,97
151,33,75,97
150,32,75,97
148,31,75,97
141,26,75,97
138,23,75,97
140,24,75,97
139,28,75,97
139,30,75,97
139,33,75,97
137,34,75,97
143,36,75,97
147,37,75,97
148,37,75,97
148,38,75,97
152,39,75,97
151,38,75,97
151,38,75,97
149,38,75,97
140,36,75,97
134,37,75,97
128,37,75,97
125,37,75,97
120,38,75,97
119,39,75,97
121,41,75,97
120,42,75,97
121,41,75,97
128,41,75,97
129,40,75,97
131,40,75,97
133,39,75,97
136,40,75,97
135,40,75,97
131,41,75,97
132,40,75,97
133,39,75,97
135,39,75,97
137,39,75,97
139,39,75,97
137,37,75,97
139,36,75,97
142,34,75,97
141,31,75,97
136,29,75,97
136,27,75,97
134,28,75,97
130,30,75,97
129,32,75,97
126,30,75,97
129,30,75,97
130,28,75,97
137,29,75,97
142,27,75,97
146,26,75,97
153,29,75,97
158,32,75,97
161,34,75,97
164,35,75,97
168,34,75,97
167,29,75,97
168,25,75,97
171,23,75,97
176,24,75,97
172,24,75,97
171,29,75,97
168,34,75,97
163,38,75,97
156,41,75,97
151,43,75,97
145,40,75,97
143,33,75,97
139,27,75,97
140,20,75,97
143,17,75,97
148,18,75,97
151,18,75,97
156,19,75,97
159,21,75,97
163,24,75,97
168,26,75,97
171,29,75,97
175,27,75,97
183,23,75,97
182,22,75,97
179,13,75,97
179,6,75,97
177,1,75,97
172,0,75,97
175,0,75,97
169,8,75,97
164,20,75,97
158,21,75,97
157,13,75,97
153,12,75,97
151,12,75,97
148,10,75,97
146,9,75,97
148,6,75,97
149,7,75,97
150,11,75,97
152,15,75,97
152,20,75,97
152,23,75,97
154,26,75,97
152,26,75,97
155,20,75,97
160,13,75,97
165,8,75,97
167,11,75,97
169,16,75,97
168,20,75,97
167,22,75,97
165,24,75,97
163,25,75,97
162,25,75,97
162,23,75,97
165,24,75,97
166,26,75,97
162,27,75,97
158,34,75,97
158,39,75,97
156,47,75,97
151,51,75,97
151,51,75,97
148,50,75,97
145,50,75,97
149,50,75,97
150,47,75,97
152,43,75,97
156,42,75,97
157,44,75,97
158,48,75,97
159,51,75,97
164,51,75,97
170,48,75,97
173,48,75,97
181,46,75,97
182,44,75,97
184,40,75,97
186,39,75,97
187,38,75,97
185,38,75,97
185,39,75,97
184,40,75,97
180,40,75,97
177,41,75,97
176,43,75,97
170,45,75,97
169,42,75,97
167,43,75,97
167,43,75,97
169,44,75,97
171,46,75,97
173,47,75,97
176,50,75,97
180,52,75,97
181,52,75,97
180,54,75,97
182,55,75,97
179,56,75,97
174,59,75,97
172,63,75,97
170,64,75,97
166,67,75,97
160,65,75,97
153,60,75,97
148,56,75,97
148,55,75,97
144,51,75,97
145,48,75,97
151,47,75,97
153,47,75,97
158,48,75,97
160,49,75,97
162,49,75,97
165,49,75,97
167,48,75,97
166,43,75,97
165,41,75,97
161,38,75,97
157,35,75,97
153,36,75,97
149,39,75,97
145,43,75,97
142,45,75,97
139,47,75,97
134,47,75,97
129,47,75,97
128,46,75,97
124,43,75,97
124,39,75,97
127,37,75,97
128,38,75,97
130,41,75,97
133,44,75,97
138,48,75,97
143,52,75,97
148,52,75,97
151,52,75,97
158,50,75,97
164,49,75,97
169,50,75,97
174,52,75,97
176,56,75,97
176,60,75,97
174,62,75,97
171,62,75,97
166,62,75,97
164,58,75,97
162,58,75,97
159,58,75,97
158,57,75,97
159,56,75,97
158,57,75,97
156,58,75,97
153,57,75,97
151,56,75,97
151,55,75,97
151,55,75,97
146,54,75,97
146,52,75,97
148,50,75,97
150,50,75,97
153,50,75,97
159,52,75,97
165,55,75,97
170,60,75,97
172,63,75,97
172,63,75,97
172,61,75,97
172,59,75,97
172,57,75,97
172,56,75,97
172,55,75,97
174,55,75,97
176,53,75,97
195,63,75,97
197,55,75,97
199,55,75,97
200,35,75,97
202,33,75,97
205,31,75,97
206,27,75,97
202,23,75,97
199,21,75,97
196,19,75,97
190,18,75,97
182,16,75,97
179,15,75,97
179,16,75,97
177,15,75,97
176,16,75,97
176,14,75,97
172,10,75,97
170,7,75,97
169,1,75,97
167,0,75,97
164,0,75,97
167,0,75,97
170,0,75,97
173,2,75,97
173,3,75,97
173,0,75,97
175,0,75,97
177,0,75,97
176,0,75,97
173,0,75,97
172,0,75,97
173,0,75,97
170,0,75,97
167,1,75,97
166,4,75,97
164,6,75,97
162,8,75,97
157,8,75,97
152,7,75,97
151,6,75,97
148,4,75,97
145,3,75,97
144,3,75,97
141,2,75,97
140,4,75,97
139,7,75,97
142,6,75,97
145,6,75,97
149,6,75,97
153,7,75,97
158,6,75,97
162,4,75,97
163,3,75,97
166,1,75,97
166,1,75,97
166,3,75,97
164,6,75,97
161,3,75,97
159,3,75,97
155,6,75,97
153,6,75,97
151,6,75,97
146,2,75,97
147,0,75,97
142,0,75,97
139,0,75,97
134,3,75,97
133,5,75,97
133,6,75,97
133,5,75,97
131,5,75,97
132,6,75,97
133,7,75,97
133,7,75,97
134,8,75,97
131,10,75,97
130,10,75,97
